data/germany/Hermes-dem-wr_5_25832_etrs89-utm32n.asc
ncols         76
nrows         63
xllcorner     851667.49999636
yllcorner     5836247.4999773
cellsize      5
NODATA_value  -9999
[rows 0 to 34 of 63, columns 0 to 75 of 76]
-9999 -9999 -9999 -9999 -9999 -9999 -9999 -9999 -9999 -9999 -9999 -9999 -9999 -9999 -9999 -9999 -9999 -9999 -9999 -9999 -9999 -9999 -9999 -9999 -9999 -9999 -9999 -9999 -9999 -9999 -9999 -9999 -9999 -9999 -9999 -9999 -9999 -9999 -9999 -9999 -9999 -9999 -9999 -9999 -9999 -9999 -9999 -9999 -9999 -9999 -9999 -9999 -9999 -9999 -9999 -9999 -9999 -9999 -9999 43.16 43.16 43.14 43.12 43.15 43.17 43.18 43.17 43.17 43.21 43.22 43.31 43.39 43.48 43.52 43.4 43.3
-9999 -9999 -9999 -9999 -9999 -9999 -9999 -9999 -9999 -9999 -9999 -9999 -9999 -9999 -9999 -9999 -9999 -9999 -9999 -9999 -9999 -9999 -9999 -9999 -9999 -9999 -9999 -9999 -9999 -9999 -9999 -9999 -9999 -9999 -9999 -9999 -9999 -9999 -9999 -9999 -9999 -9999 -9999 -9999 -9999 -9999 -9999 -9999 -9999 -9999 -9999 -9999 -9999 -9999 -9999 -9999 -9999 -9999 43.13 43.19 43.19 43.2 43.2 43.19 43.18 43.18 43.19 43.19 43.23 43.32 43.4 43.53 43.63 43.62 43.56 43.5
-9999 -9999 -9999 -9999 -9999 -9999 -9999 -9999 -9999 -9999 -9999 -9999 -9999 -9999 -9999 -9999 -9999 -9999 -9999 -9999 -9999 -9999 -9999 -9999 -9999 -9999 -9999 -9999 -9999 -9999 -9999 -9999 -9999 -9999 -9999 -9999 -9999 -9999 -9999 -9999 -9999 -9999 -9999 -9999 -9999 -9999 -9999 -9999 -9999 -9999 -9999 -9999 -9999 -9999 -9999 -9999 -9999 -9999 43.15 43.22 43.23 43.21 43.21 43.24 43.25 43.26 43.24 43.24 43.31 43.44 43.54 43.65 43.76 43.78 43.71 43.6
-9999 -9999 -9999 -9999 -9999 -9999 -9999 -9999 -9999 -9999 -9999 -9999 -9999 -9999 -9999 -9999 -9999 -9999 -9999 -9999 -9999 -9999 -9999 -9999 -9999 -9999 -9999 -9999 -9999 -9999 -9999 -9999 -9999 -9999 -9999 -9999 -9999 -9999 -9999 -9999 -9999 -9999 -9999 -9999 -9999 -9999 -9999 -9999 -9999 -9999 -9999 -9999 -9999 -9999 -9999 -9999 -9999 -9999 43.14 43.19 43.21 43.23 43.23 43.2 43.2 43.2 43.23 43.26 43.34 43.48 43.63 43.77 43.89 44.03 44.04 43.87
-9999 -9999 -9999 -9999 -9999 -9999 -9999 -9999 -9999 -9999 -9999 -9999 -9999 -9999 -9999 -9999 -9999 -9999 -9999 -9999 -9999 -9999 -9999 -9999 -9999 -9999 -9999 -9999 -9999 -9999 -9999 -9999 -9999 -9999 -9999 -9999 -9999 -9999 -9999 -9999 -9999 -9999 -9999 -9999 -9999 -9999 -9999 -9999 -9999 -9999 -9999 -9999 -9999 -9999 -9999 -9999 -9999 43.12 43.18 43.2 43.22 43.23 43.25 43.24 43.18 43.15 43.2 43.26 43.34 43.53 43.7 43.87 44.1 44.28 44.31 44.18
-9999 -9999 -9999 -9999 -9999 -9999 -9999 -9999 -9999 -9999 -9999 -9999 -9999 -9999 -9999 -9999 -9999 -9999 -9999 -9999 -9999 -9999 -9999 -9999 -9999 -9999 -9999 -9999 -9999 -9999 -9999 -9999 -9999 -9999 -9999 -9999 43.03 42.97 -9999 -9999 -9999 -9999 -9999 -9999 -9999 -9999 -9999 -9999 -9999 -9999 -9999 -9999 -9999 -9999 -9999 -9999 -9999 43.18 43.28 43.33 43.34 43.34 43.33 43.25 43.23 43.19 43.21 43.35 43.46 43.66 43.89 44.11 44.3 44.45 44.52 44.47
-9999 -9999 -9999 -9999 -9999 -9999 -9999 -9999 -9999 -9999 -9999 -9999 -9999 -9999 -9999 -9999 -9999 -9999 -9999 -9999 -9999 -9999 -9999 -9999 -9999 -9999 -9999 -9999 -9999 -9999 -9999 -9999 -9999 -9999 43.24 43.11 43.01 43.03 -9999 -9999 -9999 -9999 -9999 -9999 -9999 -9999 -9999 -9999 -9999 -9999 -9999 -9999 -9999 -9999 -9999 -9999 -9999 43.31 43.4 43.38 43.35 43.38 43.32 43.26 43.23 43.24 43.29 43.37 43.53 43.73 43.95 44.17 44.36 44.58 44.73 44.72
-9999 -9999 -9999 -9999 -9999 -9999 -9999 -9999 -9999 -9999 -9999 -9999 -9999 -9999 -9999 -9999 -9999 -9999 -9999 -9999 -9999 -9999 -9999 -9999 -9999 -9999 -9999 -9999 -9999 -9999 -9999 43.17 43.17 43.15 43.13 43.08 42.88 42.85 -9999 -9999 -9999 -9999 -9999 -9999 -9999 -9999 -9999 -9999 -9999 -9999 -9999 -9999 -9999 -9999 -9999 -9999 -9999 43.43 43.48 43.5 43.47 43.47 43.43 43.37 43.28 43.24 43.28 43.32 43.47 43.66 43.89 44.15 44.39 44.62 44.84 44.88
-9999 -9999 -9999 -9999 -9999 -9999 -9999 -9999 -9999 -9999 -9999 -9999 -9999 -9999 -9999 -9999 -9999 -9999 -9999 -9999 -9999 -9999 -9999 -9999 -9999 -9999 -9999 43.21 43.15 43.12 43.12 43.13 43.13 43.11 43.05 42.97 42.86 -9999 -9999 -9999 -9999 -9999 -9999 -9999 -9999 -9999 -9999 -9999 -9999 -9999 -9999 -9999 -9999 -9999 -9999 -9999 43.48 43.51 43.57 43.6 43.57 43.55 43.48 43.4 43.41 43.34 43.33 43.31 43.44 43.6 43.76 44.08 44.39 44.63 44.87 44.9
-9999 -9999 -9999 -9999 -9999 -9999 -9999 -9999 -9999 -9999 -9999 -9999 -9999 -9999 -9999 -9999 -9999 -9999 -9999 -9999 -9999 -9999 -9999 43.72 43.69 43.5 43.35 43.3 43.2 43.21 43.12 43.11 43.07 43.02 42.98 42.91 42.84 -9999 -9999 -9999 -9999 -9999 -9999 -9999 -9999 -9999 -9999 -9999 -9999 -9999 -9999 -9999 -9999 -9999 -9999 -9999 43.48 43.56 43.57 43.59 43.62 43.57 43.55 43.52 43.48 43.43 43.36 43.33 43.38 43.51 43.66 43.98 44.29 44.55 44.89 44.94
-9999 -9999 -9999 -9999 -9999 -9999 -9999 -9999 -9999 -9999 -9999 -9999 -9999 -9999 -9999 -9999 -9999 -9999 -9999 -9999 -9999 43.66 43.71 43.72 43.66 43.51 43.38 43.29 43.23 43.2 43.14 43.14 43.05 43.03 42.95 42.88 42.81 -9999 -9999 -9999 -9999 -9999 -9999 -9999 -9999 -9999 -9999 -9999 -9999 -9999 -9999 -9999 -9999 -9999 -9999 -9999 43.46 43.55 43.6 43.62 43.64 43.64 43.61 43.54 43.48 43.41 43.35 43.34 43.34 43.43 43.62 43.9 44.15 44.48 44.8 44.95
-9999 -9999 -9999 -9999 -9999 -9999 -9999 -9999 -9999 -9999 -9999 -9999 -9999 -9999 -9999 -9999 -9999 -9999 -9999 43.33 43.47 43.6 43.65 43.76 43.77 43.73 43.63 43.55 43.44 43.35 43.28 43.22 43.13 43.09 43.02 42.89 42.82 -9999 -9999 -9999 -9999 -9999 -9999 -9999 -9999 -9999 -9999 -9999 -9999 -9999 -9999 -9999 -9999 -9999 -9999 43.45 43.45 43.53 43.6 43.63 43.62 43.63 43.6 43.57 43.51 43.46 43.4 43.34 43.31 43.35 43.55 43.8 44.11 44.39 44.79 44.95
-9999 -9999 -9999 -9999 -9999 -9999 -9999 -9999 -9999 -9999 -9999 -9999 -9999 -9999 -9999 -9999 -9999 -9999 43.4 43.42 43.52 43.64 43.69 43.72 43.75 43.74 43.65 43.6 43.53 43.43 43.36 43.27 43.22 43.13 43.05 42.98 42.91 -9999 -9999 -9999 -9999 -9999 -9999 -9999 -9999 -9999 -9999 -9999 -9999 -9999 -9999 -9999 -9999 43.22 43.34 43.35 43.43 43.53 43.6 43.63 43.69 43.67 43.58 43.51 43.47 43.38 43.3 43.24 43.22 43.28 43.41 43.68 44 44.42 44.82 44.99
-9999 -9999 -9999 -9999 -9999 -9999 -9999 -9999 -9999 -9999 -9999 -9999 -9999 -9999 -9999 -9999 -9999 -9999 43.67 43.61 43.63 43.66 43.72 43.73 43.75 43.76 43.73 43.66 43.61 43.57 43.47 43.36 43.32 43.23 43.13 43.01 42.97 -9999 -9999 -9999 -9999 -9999 -9999 -9999 -9999 -9999 -9999 -9999 -9999 -9999 -9999 -9999 43.11 43.14 43.18 43.34 43.46 43.53 43.63 43.67 43.68 43.62 43.56 43.45 43.37 43.31 43.23 43.2 43.22 43.27 43.4 43.66 43.99 44.45 44.79 44.93
-9999 -9999 -9999 -9999 -9999 -9999 -9999 -9999 -9999 -9999 -9999 -9999 -9999 -9999 -9999 -9999 -9999 44 43.84 43.74 43.67 43.65 43.67 43.7 43.75 43.74 43.77 43.75 43.71 43.67 43.6 43.49 43.42 43.37 43.24 43.13 43.03 43.06 43.05 43.05 -9999 -9999 -9999 -9999 -9999 -9999 -9999 -9999 -9999 -9999 43.08 43.01 43.01 43.08 43.19 43.33 43.46 43.57 43.7 43.79 43.81 43.77 43.71 43.6 43.47 43.4 43.34 43.36 43.36 43.4 43.62 43.86 44.2 44.58 44.85 44.89
-9999 -9999 -9999 -9999 -9999 -9999 -9999 -9999 -9999 -9999 -9999 -9999 -9999 -9999 -9999 -9999 44.23 44.05 43.91 43.81 43.71 43.67 43.62 43.67 43.73 43.78 43.83 43.84 43.84 43.79 43.69 43.62 43.52 43.44 43.33 43.22 43.2 43.16 43.09 43.11 43.13 43.11 43.07 43.08 43.09 43.11 43.04 42.96 42.99 43.08 43.05 42.98 43.02 43.08 43.2 43.34 43.51 43.68 43.83 43.93 43.95 43.91 43.81 43.71 43.64 43.59 43.6 43.61 43.62 43.69 43.92 44.13 44.44 44.74 44.97 44.91
-9999 -9999 -9999 -9999 -9999 -9999 -9999 -9999 -9999 -9999 -9999 -9999 -9999 -9999 44.47 44.37 44.23 44.09 44.01 43.9 43.77 43.64 43.61 43.56 43.62 43.63 43.64 43.67 43.7 43.71 43.69 43.63 43.5 43.4 43.31 43.2 43.18 43.14 43.12 43.12 43.12 43.14 43.12 43.12 43.06 43.01 43.05 43.02 43.03 43.09 43.08 43.06 43.06 43.15 43.3 43.47 43.68 43.88 44.04 44.17 44.23 44.22 44.18 44.14 44.07 44.02 43.96 43.93 43.97 44.04 44.24 44.46 44.68 44.89 45.1 44.97
-9999 -9999 -9999 -9999 -9999 -9999 -9999 -9999 -9999 -9999 -9999 -9999 -9999 44.49 44.37 44.25 44.15 44.08 44.02 43.88 43.75 43.65 43.59 43.55 43.6 43.65 43.67 43.67 43.66 43.62 43.6 43.53 43.45 43.38 43.27 43.26 43.22 43.2 43.21 43.25 43.22 43.18 43.13 43.1 43.04 43.02 43.08 43.05 43.01 43.07 43.05 43.04 43.1 43.22 43.45 43.68 43.89 44.13 44.32 44.47 44.55 44.57 44.57 44.53 44.48 44.37 44.38 44.37 44.39 44.49 44.57 44.75 44.86 44.99 45.13 44.94
-9999 -9999 -9999 -9999 -9999 -9999 -9999 -9999 -9999 -9999 -9999 -9999 44.52 44.4 44.37 44.27 44.22 44.16 44.09 43.96 43.86 43.78 43.7 43.71 43.76 43.8 43.83 43.85 43.81 43.75 43.71 43.65 43.61 43.55 43.51 43.42 43.37 43.36 43.34 43.34 43.38 43.33 43.33 43.34 43.32 43.3 43.28 43.18 43.13 43.11 43.12 43.17 43.27 43.43 43.71 43.98 44.22 44.48 44.69 44.84 44.96 45.02 45.06 45.02 44.96 44.96 44.91 44.91 44.92 44.92 44.94 45.04 45.1 45.13 45.22 44.9
-9999 -9999 -9999 -9999 -9999 -9999 -9999 -9999 -9999 -9999 -9999 44.41 44.29 44.21 44.14 44.04 44.03 44.06 44.04 43.99 43.91 43.84 43.8 43.8 43.82 43.91 43.99 44 43.92 43.87 43.87 43.81 43.78 43.71 43.68 43.64 43.57 43.6 43.61 43.69 43.75 43.71 43.66 43.64 43.6 43.56 43.49 43.51 43.45 43.48 43.57 43.62 43.74 43.93 44.17 44.39 44.63 44.91 45.14 45.28 45.43 45.49 45.51 45.54 45.51 45.47 45.44 45.44 45.41 45.37 45.36 45.36 45.31 45.24 45.23 44.88
-9999 -9999 -9999 -9999 -9999 -9999 -9999 -9999 -9999 -9999 -9999 44.19 44.19 44.2 44.16 44.12 44.11 44.12 44.11 44.09 44.02 43.94 43.9 43.93 43.93 44.02 44.09 44.07 44.04 43.98 43.93 43.89 43.83 43.78 43.78 43.76 43.76 43.77 43.77 43.71 43.75 43.76 43.74 43.74 43.67 43.68 43.67 43.7 43.7 43.72 43.8 43.9 44.05 44.26 44.49 44.78 45.02 45.32 45.57 45.77 45.95 46.02 46.08 46.12 46.05 45.98 45.95 45.88 45.84 45.78 45.72 45.62 45.51 45.37 45.2 44.81
-9999 -9999 -9999 -9999 -9999 -9999 -9999 -9999 -9999 -9999 43.96 43.96 44 44.04 44.08 44.15 44.18 44.19 44.21 44.15 44.1 44.05 44.02 44.05 44.04 44.09 44.09 44.07 44.05 44.02 43.99 43.96 43.93 43.89 43.89 43.93 43.92 44.01 44.03 44.06 44.05 44.02 43.96 43.9 43.81 43.84 43.85 43.89 43.96 44.1 44.2 44.4 44.55 44.8 45.03 45.34 45.57 45.81 46.08 46.28 46.41 46.47 46.47 46.44 46.35 46.31 46.31 46.23 46.17 46.1 45.96 45.82 45.58 45.37 45.15 44.76
-9999 -9999 -9999 -9999 -9999 -9999 -9999 -9999 -9999 -9999 43.71 43.72 43.78 43.95 44.06 44.15 44.28 44.34 44.31 44.27 44.21 44.16 44.14 44.12 44.11 44.16 44.17 44.17 44.13 44.06 44.06 44.04 44.03 44.03 44.08 44.12 44.15 44.25 44.31 44.33 44.31 44.22 44.23 44.15 44.11 44.07 44.11 44.18 44.33 44.5 44.67 44.85 45.07 45.29 45.59 45.92 46.18 46.38 46.61 46.79 46.87 46.89 46.85 46.72 46.57 46.46 46.44 46.37 46.29 46.2 46.03 45.85 45.61 45.32 45.11 44.68
-9999 -9999 -9999 -9999 -9999 -9999 -9999 -9999 -9999 43.42 43.47 43.52 43.62 43.82 44.03 44.27 44.4 44.43 44.37 44.33 44.28 44.23 44.19 44.18 44.24 44.24 44.29 44.28 44.26 44.22 44.2 44.2 44.16 44.19 44.25 44.32 44.4 44.47 44.59 44.6 44.59 44.52 44.52 44.47 44.41 44.36 44.41 44.51 44.67 44.83 45.07 45.31 45.51 45.79 46.08 46.34 46.61 46.79 46.97 47.16 47.24 47.24 47.08 46.91 46.73 46.53 46.44 46.31 46.22 46.14 45.96 45.81 45.56 45.31 45.02 44.61
-9999 -9999 -9999 -9999 -9999 -9999 -9999 -9999 -9999 43.19 43.22 43.28 43.48 43.72 43.95 44.18 44.3 44.3 44.33 44.33 44.34 44.34 44.3 44.29 44.3 44.27 44.32 44.32 44.37 44.3 44.29 44.33 44.35 44.37 44.44 44.51 44.63 44.72 44.79 44.79 44.8 44.77 44.79 44.78 44.76 44.72 44.76 44.84 44.98 45.19 45.44 45.68 45.88 46.12 46.45 46.71 46.89 47.02 47.18 47.27 47.34 47.32 47.19 47.02 46.8 46.66 46.51 46.36 46.23 46.07 45.9 45.67 45.46 45.17 44.87 44.45
-9999 -9999 -9999 -9999 -9999 -9999 -9999 -9999 -9999 43.03 43.05 43.14 43.26 43.49 43.75 43.91 44.12 44.24 44.33 44.4 44.43 44.45 44.41 44.36 44.37 44.37 44.44 44.45 44.47 44.46 44.46 44.49 44.55 44.6 44.68 44.75 44.83 44.95 45.04 45.07 45.1 45.08 45.09 45.15 45.16 45.13 45.12 45.19 45.34 45.58 45.86 46.1 46.32 46.56 46.79 46.98 47.12 47.18 47.26 47.34 47.32 47.27 47.14 46.98 46.8 46.67 46.53 46.4 46.25 46.07 45.91 45.69 45.38 45.1 44.84 44.44
-9999 -9999 -9999 -9999 -9999 -9999 -9999 -9999 -9999 42.89 42.94 43.04 43.16 43.36 43.52 43.72 43.94 44.13 44.27 44.4 44.46 44.49 44.46 44.42 44.39 44.38 44.4 44.44 44.48 44.5 44.55 44.58 44.66 44.76 44.85 44.89 44.97 45.05 45.15 45.2 45.27 45.35 45.43 45.48 45.55 45.57 45.51 45.52 45.68 45.9 46.12 46.32 46.56 46.73 46.91 47.08 47.2 47.26 47.3 47.33 47.29 47.2 47.06 46.93 46.77 46.6 46.41 46.28 46.14 46.01 45.83 45.65 45.39 45.1 44.84 44.42
-9999 -9999 -9999 -9999 -9999 -9999 -9999 -9999 -9999 42.81 42.88 42.95 43.06 43.23 43.37 43.52 43.71 43.94 44.13 44.29 44.35 44.42 44.43 44.39 44.37 44.36 44.37 44.4 44.42 44.49 44.57 44.67 44.77 44.87 44.94 45.04 45.1 45.21 45.32 45.39 45.49 45.6 45.71 45.81 45.91 45.94 45.9 45.93 46.02 46.15 46.33 46.52 46.68 46.8 46.97 47.1 47.19 47.21 47.21 47.2 47.14 47.03 46.89 46.71 46.54 46.4 46.23 46.07 45.94 45.84 45.7 45.54 45.29 45.01 44.75 44.37
-9999 -9999 -9999 -9999 -9999 -9999 -9999 -9999 -9999 42.81 42.85 42.92 43.02 43.15 43.28 43.42 43.57 43.78 43.97 44.1 44.19 44.27 44.29 44.33 44.33 44.34 44.36 44.38 44.42 44.48 44.59 44.71 44.83 44.95 45.06 45.15 45.25 45.38 45.5 45.59 45.68 45.77 45.89 46.02 46.12 46.19 46.19 46.21 46.27 46.33 46.45 46.59 46.67 46.74 46.85 46.97 47.04 47.04 47.03 46.99 46.91 46.79 46.62 46.42 46.31 46.21 46.07 45.92 45.81 45.66 45.55 45.42 45.16 44.93 44.7 44.37
-9999 -9999 -9999 -9999 -9999 -9999 -9999 -9999 -9999 42.78 42.81 42.86 42.96 43.08 43.22 43.33 43.46 43.64 43.8 43.94 44.05 44.13 44.17 44.2 44.18 44.2 44.22 44.26 44.35 44.45 44.59 44.73 44.86 45.01 45.13 45.26 45.38 45.5 45.61 45.7 45.81 45.91 46 46.13 46.21 46.25 46.3 46.31 46.34 46.38 46.42 46.5 46.59 46.68 46.75 46.83 46.87 46.86 46.83 46.78 46.7 46.58 46.4 46.25 46.09 46.02 45.91 45.81 45.72 45.58 45.44 45.25 45.08 44.85 44.67 44.3
-9999 -9999 -9999 -9999 -9999 -9999 -9999 42.62 42.66 42.65 42.72 42.8 42.91 43.04 43.21 43.38 43.54 43.62 43.71 43.82 43.93 44.01 44.04 44.08 44.11 44.17 44.25 44.33 44.4 44.46 44.59 44.73 44.89 45.06 45.22 45.39 45.52 45.64 45.8 45.92 46.02 46.09 46.13 46.17 46.23 46.25 46.29 46.31 46.35 46.42 46.47 46.52 46.61 46.65 46.74 46.79 46.85 46.82 46.77 46.7 46.64 46.48 46.31 46.17 46.05 45.96 45.88 45.78 45.68 45.54 45.38 45.21 45.05 44.85 44.64 44.24
-9999 -9999 -9999 -9999 -9999 42.47 42.56 42.62 42.6 42.56 42.6 42.68 42.81 42.95 43.1 43.22 43.33 43.44 43.55 43.64 43.75 43.78 43.85 43.93 43.98 44.03 44.11 44.18 44.27 44.37 44.5 44.69 44.86 45.07 45.26 45.48 45.64 45.8 45.97 46.09 46.15 46.17 46.17 46.18 46.19 46.21 46.2 46.23 46.32 46.4 46.5 46.59 46.64 46.75 46.82 46.82 46.86 46.79 46.75 46.66 46.55 46.41 46.23 46.13 46.02 45.9 45.86 45.76 45.66 45.53 45.39 45.25 45.05 44.81 44.69 44.26
-9999 -9999 -9999 -9999 42.47 42.53 42.59 42.59 42.52 42.51 42.49 42.56 42.68 42.81 42.98 43.11 43.21 43.27 43.34 43.42 43.53 43.57 43.66 43.75 43.81 43.92 43.98 44.07 44.18 44.31 44.45 44.62 44.83 45.06 45.33 45.57 45.81 45.95 46.09 46.14 46.18 46.14 46.12 46.12 46.17 46.16 46.19 46.25 46.35 46.37 46.43 46.52 46.62 46.71 46.79 46.81 46.82 46.76 46.7 46.58 46.44 46.34 46.21 46.04 45.88 45.82 45.82 45.68 45.64 45.51 45.35 45.19 45.02 44.79 44.74 44.33
-9999 -9999 -9999 42.6 42.52 42.52 42.54 42.49 42.46 42.48 42.49 42.53 42.59 42.72 42.86 42.94 43.06 43.16 43.21 43.28 43.4 43.44 43.51 43.56 43.67 43.83 43.9 44.02 44.15 44.32 44.51 44.7 44.9 45.15 45.43 45.67 45.88 46.01 46.08 46.14 46.17 46.2 46.24 46.21 46.23 46.23 46.28 46.36 46.45 46.52 46.6 46.73 46.81 46.88 46.89 46.92 46.86 46.83 46.73 46.58 46.47 46.31 46.22 46.07 45.99 45.9 45.91 45.71 45.6 45.5 45.36 45.21 45.03 44.85 44.79 44.44
-9999 -9999 -9999 42.64 42.57 42.51 42.5 42.43 42.44 42.46 42.5 42.55 42.61 42.72 42.83 42.9 43.02 43.07 43.13 43.19 43.25 43.32 43.41 43.47 43.56 43.69 43.87 44.05 44.19 44.37 44.6 44.84 45.06 45.33 45.59 45.81 45.93 46.08 46.14 46.18 46.23 46.26 46.33 46.36 46.4 46.5 46.53 46.61 46.67 46.73 46.82 46.91 47 47.02 47.12 47.09 47 46.91 46.81 46.7 46.59 46.41 46.24 46.17 46.03 45.97 45.84 45.72 45.62 45.55 45.44 45.35 45.15 44.99 44.95 44.63
