data/germany/Hermes-dem-wr_5_25832_etrs89-utm32n.asc
ncols        77
nrows        63
xllcorner    851662.500000000000
yllcorner    5836247.500000000000
cellsize     5.000000000000
NODATA_value  -9999
[rows 38 to 56 of 63, columns 0 to 41 of 77]
-9999 42.54000091552734375 42.689998626708984375 42.79000091552734375 42.79000091552734375 42.720001220703125 42.6699981689453125 42.65000152587890625 42.659999847412109375 42.630001068115234375 42.619998931884765625 42.5800018310546875 42.590000152587890625 42.5800018310546875 42.619998931884765625 42.659999847412109375 42.720001220703125 42.810001373291015625 42.880001068115234375 42.9199981689453125 42.939998626708984375 43.049999237060546875 43.15000152587890625 43.270000457763671875 43.520000457763671875 43.759998321533203125 43.950000762939453125 44.189998626708984375 44.4199981689453125 44.68000030517578125 44.939998626708984375 45.1399993896484375 45.369998931884765625 45.549999237060546875 45.6399993896484375 45.729999542236328125 45.81999969482421875 45.9199981689453125 46.009998321533203125 46.1399993896484375 46.299999237060546875 46.5
-9999 42.479999542236328125 42.6100006103515625 42.70999908447265625 42.740001678466796875 42.659999847412109375 42.659999847412109375 42.6699981689453125 42.689998626708984375 42.689998626708984375 42.68000030517578125 42.65000152587890625 42.6100006103515625 42.56999969482421875 42.54000091552734375 42.6100006103515625 42.700000762939453125 42.770000457763671875 42.81999969482421875 42.84999847412109375 42.90000152587890625 43 43.1399993896484375 43.31999969482421875 43.509998321533203125 43.759998321533203125 43.990001678466796875 44.229999542236328125 44.43000030517578125 44.68000030517578125 44.939998626708984375 45.1699981689453125 45.380001068115234375 45.529998779296875 45.630001068115234375 45.70999908447265625 45.759998321533203125 45.840000152587890625 45.950000762939453125 46.049999237060546875 46.229999542236328125 46.45999908447265625
42.29000091552734375 42.450000762939453125 42.549999237060546875 42.56999969482421875 42.59999847412109375 42.619998931884765625 42.630001068115234375 42.6399993896484375 42.6699981689453125 42.6699981689453125 42.6699981689453125 42.6399993896484375 42.6100006103515625 42.5800018310546875 42.5800018310546875 42.6399993896484375 42.6699981689453125 42.720001220703125 42.759998321533203125 42.81999969482421875 42.869998931884765625 42.950000762939453125 43.090000152587890625 43.299999237060546875 43.529998779296875 43.779998779296875 44.049999237060546875 44.299999237060546875 44.5 44.700000762939453125 44.93000030517578125 45.1399993896484375 45.310001373291015625 45.45999908447265625 45.549999237060546875 45.6699981689453125 45.729999542236328125 45.799999237060546875 45.93000030517578125 46.09999847412109375 46.34999847412109375 46.619998931884765625
42.310001373291015625 42.3600006103515625 42.369998931884765625 42.340000152587890625 42.340000152587890625 42.3600006103515625 42.439998626708984375 42.529998779296875 42.59999847412109375 42.619998931884765625 42.630001068115234375 42.56999969482421875 42.560001373291015625 42.54000091552734375 42.549999237060546875 42.59999847412109375 42.6699981689453125 42.740001678466796875 42.770000457763671875 42.799999237060546875 42.840000152587890625 42.93000030517578125 43.0800018310546875 43.310001373291015625 43.520000457763671875 43.759998321533203125 43.990001678466796875 44.220001220703125 44.4199981689453125 44.630001068115234375 44.8300018310546875 45.04000091552734375 45.189998626708984375 45.340000152587890625 45.439998626708984375 45.56999969482421875 45.68000030517578125 45.770000457763671875 45.909999847412109375 46.15000152587890625 46.4199981689453125 46.70999908447265625
-9999 -9999 -9999 -9999 -9999 -9999 -9999 -9999 -9999 42.630001068115234375 42.68000030517578125 42.700000762939453125 42.630001068115234375 42.619998931884765625 42.59999847412109375 42.659999847412109375 42.70999908447265625 42.75 42.81999969482421875 42.840000152587890625 42.8600006103515625 42.95999908447265625 43.130001068115234375 43.369998931884765625 43.5800018310546875 43.79000091552734375 44 44.200000762939453125 44.3899993896484375 44.5800018310546875 44.740001678466796875 44.90000152587890625 45.04000091552734375 45.200000762939453125 45.369998931884765625 45.490001678466796875 45.659999847412109375 45.8300018310546875 46.049999237060546875 46.310001373291015625 46.590000152587890625 46.90000152587890625
-9999 -9999 -9999 -9999 -9999 -9999 -9999 -9999 -9999 42.520000457763671875 42.6399993896484375 42.689998626708984375 42.720001220703125 42.700000762939453125 42.700000762939453125 42.759998321533203125 42.810001373291015625 42.880001068115234375 42.950000762939453125 43.020000457763671875 43.060001373291015625 43.1399993896484375 43.279998779296875 43.470001220703125 43.65000152587890625 43.8300018310546875 43.990001678466796875 44.159999847412109375 44.3600006103515625 44.5 44.65000152587890625 44.8300018310546875 44.979999542236328125 45.1699981689453125 45.369998931884765625 45.529998779296875 45.740001678466796875 45.990001678466796875 46.259998321533203125 46.45999908447265625 46.779998779296875 47.060001373291015625
-9999 -9999 -9999 -9999 -9999 -9999 -9999 -9999 -9999 -9999 42.5800018310546875 42.659999847412109375 42.770000457763671875 42.81999969482421875 42.8899993896484375 42.90000152587890625 42.93000030517578125 43.009998321533203125 43.049999237060546875 43.1100006103515625 43.1699981689453125 43.29000091552734375 43.409999847412109375 43.590000152587890625 43.779998779296875 43.909999847412109375 44.029998779296875 44.220001220703125 44.40000152587890625 44.45999908447265625 44.56999969482421875 44.759998321533203125 44.939998626708984375 45.090000152587890625 45.3300018310546875 45.549999237060546875 45.81999969482421875 46.130001068115234375 46.43000030517578125 46.740001678466796875 47.049999237060546875 47.310001373291015625
-9999 -9999 -9999 -9999 -9999 -9999 -9999 -9999 -9999 42.470001220703125 42.65000152587890625 42.740001678466796875 42.8899993896484375 42.939998626708984375 42.95999908447265625 42.979999542236328125 43.029998779296875 43.1100006103515625 43.159999847412109375 43.240001678466796875 43.34999847412109375 43.490001678466796875 43.6100006103515625 43.770000457763671875 43.8899993896484375 44.009998321533203125 44.119998931884765625 44.259998321533203125 44.34999847412109375 44.450000762939453125 44.5800018310546875 44.75 44.90000152587890625 45.1399993896484375 45.3600006103515625 45.659999847412109375 45.970001220703125 46.3300018310546875 46.700000762939453125 47.009998321533203125 47.31999969482421875 47.520000457763671875
-9999 -9999 -9999 -9999 -9999 -9999 -9999 -9999 -9999 42.630001068115234375 42.8300018310546875 42.9199981689453125 43.029998779296875 43.049999237060546875 43.06999969482421875 43.119998931884765625 43.200000762939453125 43.259998321533203125 43.340000152587890625 43.4199981689453125 43.529998779296875 43.619998931884765625 43.740001678466796875 43.869998931884765625 43.95999908447265625 44.119998931884765625 44.240001678466796875 44.34999847412109375 44.450000762939453125 44.56999969482421875 44.6699981689453125 44.840000152587890625 45.020000457763671875 45.240001678466796875 45.549999237060546875 45.8600006103515625 46.200000762939453125 46.560001373291015625 46.939998626708984375 47.220001220703125 47.490001678466796875 47.6699981689453125
-9999 -9999 -9999 -9999 -9999 -9999 -9999 -9999 -9999 42.81999969482421875 42.9199981689453125 43.04000091552734375 43.060001373291015625 43.090000152587890625 43.1399993896484375 43.18000030517578125 43.270000457763671875 43.31999969482421875 43.43000030517578125 43.54000091552734375 43.6100006103515625 43.720001220703125 43.84999847412109375 43.95999908447265625 44.090000152587890625 44.20999908447265625 44.340000152587890625 44.470001220703125 44.59999847412109375 44.740001678466796875 44.8899993896484375 44.990001678466796875 45.200000762939453125 45.439998626708984375 45.689998626708984375 46.020000457763671875 46.369998931884765625 46.70999908447265625 47.06999969482421875 47.31999969482421875 47.490001678466796875 47.65000152587890625
-9999 -9999 -9999 -9999 -9999 -9999 -9999 -9999 42.840000152587890625 42.8899993896484375 42.990001678466796875 43.049999237060546875 43.09999847412109375 43.1699981689453125 43.240001678466796875 43.25 43.380001068115234375 43.450000762939453125 43.490001678466796875 43.619998931884765625 43.729999542236328125 43.84999847412109375 43.95999908447265625 44.1100006103515625 44.270000457763671875 44.3899993896484375 44.5 44.6399993896484375 44.75 44.90000152587890625 45.020000457763671875 45.189998626708984375 45.40000152587890625 45.630001068115234375 45.880001068115234375 46.189998626708984375 46.490001678466796875 46.81999969482421875 47.119998931884765625 47.34999847412109375 47.470001220703125 47.560001373291015625
-9999 -9999 -9999 -9999 -9999 -9999 -9999 42.799999237060546875 42.939998626708984375 43 43.04000091552734375 43.1100006103515625 43.18000030517578125 43.229999542236328125 43.29000091552734375 43.4199981689453125 43.479999542236328125 43.59999847412109375 43.759998321533203125 43.81999969482421875 43.93000030517578125 44.06999969482421875 44.200000762939453125 44.3300018310546875 44.479999542236328125 44.59999847412109375 44.689998626708984375 44.840000152587890625 44.970001220703125 45.119998931884765625 45.279998779296875 45.439998626708984375 45.65000152587890625 45.880001068115234375 46.119998931884765625 46.40000152587890625 46.6399993896484375 46.90000152587890625 47.1100006103515625 47.270000457763671875 47.3899993896484375 47.45999908447265625
-9999 -9999 -9999 -9999 -9999 -9999 -9999 42.90000152587890625 43.009998321533203125 43.029998779296875 43.09999847412109375 43.1699981689453125 43.229999542236328125 43.279998779296875 43.3600006103515625 43.479999542236328125 43.59999847412109375 43.700000762939453125 43.81999969482421875 43.979999542236328125 44.090000152587890625 44.25 44.40000152587890625 44.54000091552734375 44.689998626708984375 44.81999969482421875 44.95999908447265625 45.130001068115234375 45.299999237060546875 45.4199981689453125 45.56999969482421875 45.720001220703125 45.880001068115234375 46.090000152587890625 46.299999237060546875 46.520000457763671875 46.720001220703125 46.90000152587890625 47.090000152587890625 47.159999847412109375 47.25 47.29000091552734375
-9999 -9999 -9999 -9999 -9999 -9999 42.8600006103515625 42.950000762939453125 43.029998779296875 43.0800018310546875 43.200000762939453125 43.270000457763671875 43.3300018310546875 43.4199981689453125 43.529998779296875 43.6399993896484375 43.729999542236328125 43.880001068115234375 43.990001678466796875 44.15000152587890625 44.299999237060546875 44.439998626708984375 44.59999847412109375 44.729999542236328125 44.880001068115234375 45.029998779296875 45.15000152587890625 45.3300018310546875 45.5 45.68000030517578125 45.8300018310546875 45.970001220703125 46.130001068115234375 46.279998779296875 46.479999542236328125 46.70999908447265625 46.81999969482421875 46.939998626708984375 47.04000091552734375 47.130001068115234375 47.159999847412109375 47.220001220703125
-9999 -9999 -9999 -9999 -9999 -9999 42.90000152587890625 43.04000091552734375 43.1100006103515625 43.229999542236328125 43.340000152587890625 43.409999847412109375 43.479999542236328125 43.56999969482421875 43.689998626708984375 43.840000152587890625 43.970001220703125 44.1100006103515625 44.25 44.40000152587890625 44.54000091552734375 44.6399993896484375 44.779998779296875 44.939998626708984375 45.06999969482421875 45.25 45.439998626708984375 45.619998931884765625 45.81999969482421875 45.990001678466796875 46.1399993896484375 46.279998779296875 46.3899993896484375 46.520000457763671875 46.68000030517578125 46.840000152587890625 46.939998626708984375 47.009998321533203125 47.009998321533203125 47.060001373291015625 47.090000152587890625 47.130001068115234375
-9999 -9999 -9999 -9999 -9999 42.810001373291015625 42.93000030517578125 43.049999237060546875 43.200000762939453125 43.310001373291015625 43.4199981689453125 43.529998779296875 43.6399993896484375 43.779998779296875 43.8899993896484375 44.04000091552734375 44.189998626708984375 44.3600006103515625 44.5 44.619998931884765625 44.770000457763671875 44.880001068115234375 44.979999542236328125 45.1100006103515625 45.25 45.439998626708984375 45.619998931884765625 45.8300018310546875 46.04000091552734375 46.189998626708984375 46.3300018310546875 46.470001220703125 46.59999847412109375 46.700000762939453125 46.79000091552734375 46.84999847412109375 46.90000152587890625 46.880001068115234375 46.8600006103515625 46.84999847412109375 46.869998931884765625 46.880001068115234375
-9999 -9999 -9999 -9999 42.75 42.81999969482421875 42.9199981689453125 43.159999847412109375 43.380001068115234375 43.549999237060546875 43.689998626708984375 43.8300018310546875 44 44.090000152587890625 44.220001220703125 44.3899993896484375 44.549999237060546875 44.700000762939453125 44.84999847412109375 44.939998626708984375 45.04000091552734375 45.159999847412109375 45.25 45.34999847412109375 45.520000457763671875 45.689998626708984375 45.8899993896484375 46.06999969482421875 46.20999908447265625 46.34999847412109375 46.479999542236328125 46.560001373291015625 46.65000152587890625 46.70999908447265625 46.740001678466796875 46.759998321533203125 46.729999542236328125 46.729999542236328125 46.659999847412109375 46.630001068115234375 46.619998931884765625 46.6100006103515625
-9999 -9999 -9999 -9999 42.8300018310546875 42.970001220703125 43.15000152587890625 43.380001068115234375 43.6100006103515625 43.79000091552734375 44 44.15000152587890625 44.31999969482421875 44.490001678466796875 44.619998931884765625 44.779998779296875 44.95999908447265625 45.119998931884765625 45.240001678466796875 45.340000152587890625 45.43000030517578125 45.520000457763671875 45.619998931884765625 45.70999908447265625 45.840000152587890625 46 46.18000030517578125 46.340000152587890625 46.479999542236328125 46.5800018310546875 46.65000152587890625 46.720001220703125 46.740001678466796875 46.720001220703125 46.720001220703125 46.689998626708984375 46.630001068115234375 46.619998931884765625 46.5800018310546875 46.549999237060546875 46.529998779296875 46.520000457763671875
-9999 -9999 -9999 42.8300018310546875 42.950000762939453125 43.049999237060546875 43.31999969482421875 43.529998779296875 43.75 44.029998779296875 44.270000457763671875 44.450000762939453125 44.6399993896484375 44.840000152587890625 45.04000091552734375 45.189998626708984375 45.31999969482421875 45.490001678466796875 45.6399993896484375 45.759998321533203125 45.84999847412109375 45.8899993896484375 45.93000030517578125 46.04000091552734375 46.159999847412109375 46.310001373291015625 46.470001220703125 46.6100006103515625 46.729999542236328125 46.8300018310546875 46.909999847412109375 46.8899993896484375 46.840000152587890625 46.759998321533203125 46.630001068115234375 46.5800018310546875 46.479999542236328125 46.450000762939453125 46.43000030517578125 46.380001068115234375 46.3300018310546875 46.3600006103515625
