data/germany/Hermes-slope-wr_5_25832_etrs89-utm32n.asc
ncols        77
nrows        63
xllcorner    851662.500000000000
yllcorner    5836247.500000000000
cellsize     5.000000000000
NODATA_value  -9999
[rows 36 to 53 of 63, columns 0 to 40 of 77]
-9999 -9999 2.0394868850708007812 0.70227652788162231445 0.90585041046142578125 1.3367190361022949219 1.4982700347900390625 1.1029030084609985352 0.72385299205780029297 0.64056348800659179688 0.673351287841796875 0.7902361750602722168 0.82079172134399414062 0.74700951576232910156 1.0526709556579589844 0.99332767724990844727 0.75384277105331420898 0.61972349882125854492 0.53287082910537719727 0.75926691293716430664 0.81048697233200073242 0.91396188735961914062 1.2052400112152099609 1.4667570590972900391 1.6936180591583251953 1.9667749404907226562 2.4814989566802978516 2.7376439571380615234 3.1687929630279541016 3.0703420639038085938 2.7445929050445556641 2.9022049903869628906 2.9165470600128173828 2.7463810443878173828 2.4084930419921875 1.9075599908828735352 1.3208450078964233398 0.89902341365814208984 0.95800870656967163086 1.3515210151672363281 1.6182290315628051758
-9999 -9999 1.6691149473190307617 0.61607831716537475586 0.36518758535385131836 0.95221161842346191406 1.1073540449142456055 0.8914687037467956543 0.96992141008377075195 0.91709542274475097656 0.68061631917953491211 0.40513709187507629395 0.38433280587196350098 0.67607772350311279297 1.1185920238494873047 1.3361120223999023438 1.3862719535827636719 1.1631699800491333008 0.69846862554550170898 0.6080347895622253418 0.77636992931365966797 0.9448649287223815918 1.1929260492324829102 1.7641439437866210938 2.3303949832916259766 2.4267799854278564453 2.651248931884765625 2.9165370464324951172 3.1171109676361083984 3.1139590740203857422 2.8688249588012695312 2.7997729778289794922 2.7164890766143798828 2.2922201156616210938 1.7712110280990600586 1.3927630186080932617 1.1233550310134887695 0.89697122573852539062 1.0169980525970458984 1.5447540283203125 1.9553810358047485352
-9999 2.7854950428009033203 1.5227010250091552734 0.89216601848602294922 0.73425728082656860352 0.95286107063293457031 0.5347912907600402832 0.41016548871994018555 0.70895981788635253906 0.76571452617645263672 0.63573557138442993164 0.36236691474914550781 0.057302530854940414429 0.36517989635467529297 0.7826678156852722168 0.93174338340759277344 1.0369659662246704102 1.0090939998626708984 0.77077662944793701172 0.69610780477523803711 0.92578619718551635742 1.2140699625015258789 1.3760260343551635742 2.0429930686950683594 2.6400249004364013672 2.5044839382171630859 2.5984830856323242188 2.7980160713195800781 2.8325350284576416016 3.0145010948181152344 2.802104949951171875 2.5517549514770507812 2.3332889080047607422 1.6852439641952514648 1.2174400091171264648 1.0782649517059326172 1.08263397216796875 1.1403779983520507812 1.28623199462890625 1.6637029647827148438 2.1061789989471435547
-9999 2.5184159278869628906 1.4583359956741333008 1.249364018440246582 1.017207026481628418 0.71243441104888916016 0.27552309632301330566 0.14747120440006256104 0.10127619653940200806 0.21816259622573852539 0.36685231328010559082 0.42730700969696044922 0.34615018963813781738 0.20256879925727844238 0.34614300727844238281 0.75383508205413818359 0.84323662519454956055 0.86247211694717407227 0.81250232458114624023 0.73174518346786499023 0.93832951784133911133 1.3862680196762084961 1.7538859844207763672 2.2191410064697265625 2.6499269008636474609 2.7422120571136474609 2.7460820674896240234 2.6393311023712158203 2.5956480503082275391 2.8239200115203857422 2.6909120082855224609 2.4213879108428955078 2.0977039337158203125 1.5216209888458251953 1.1735270023345947266 0.98648422956466674805 0.97772032022476196289 1.2493590116500854492 1.4220370054244995117 1.8253289461135864258 2.4471940994262695312
1.5052399635314941406 1.6080679893493652344 1.531293034553527832 1.9965490102767944336 2.1070570945739746094 1.7507309913635253906 1.2990789413452148438 0.92931658029556274414 0.60937452316284179688 0.40208441019058227539 0.41759929060935974121 0.52666682004928588867 0.44610229134559631348 0.24643500149250030518 0.3164145052433013916 0.66134738922119140625 0.6742712855339050293 0.60701698064804077148 0.55102437734603881836 0.60937911272048950195 0.84639257192611694336 1.3691589832305908203 2.0248639583587646484 2.4213719367980957031 2.6480739116668701172 2.8481609821319580078 2.8195819854736328125 2.5340440273284912109 2.3791708946228027344 2.5673460960388183594 2.6114270687103271484 2.3727889060974121094 2.11394500732421875 1.7758280038833618164 1.5641380548477172852 1.3089829683303833008 0.99744772911071777344 1.2320059537887573242 1.7055469751358032227 2.386631011962890625 3.0601990222930908203
1.0573290586471557617 0.49823561310768127441 1.0250329971313476562 1.6232930421829223633 1.8538379669189453125 1.9151560068130493164 1.85869598388671875 1.5817190408706665039 1.0200059413909912109 0.42538979649543762207 0.10329519957304000854 0.41760298609733581543 0.34968361258506774902 0.20657609403133392334 0.34613579511642456055 0.64629071950912475586 0.67091709375381469727 0.61707758903503417969 0.50640827417373657227 0.43493330478668212891 0.73062509298324584961 1.3910009860992431641 2.1882050037384033203 2.5549550056457519531 2.5894000530242919922 2.6910750865936279297 2.6619598865509033203 2.4874970912933349609 2.3755519390106201172 2.4174160957336425781 2.4975190162658691406 2.4140028953552246094 2.2950689792633056641 2.0678019523620605469 1.7893899679183959961 1.6167180538177490234 1.3133629560470581055 1.5118939876556396484 2.3093059062957763672 3.0454020500183105469 3.4790580272674560547
-9999 -9999 -9999 -9999 -9999 -9999 -9999 -9999 -9999 1.0689090490341186523 0.37679570913314819336 0.60123580694198608398 0.89720302820205688477 0.91149652004241943359 0.93306750059127807617 1.0856649875640869141 1.0426959991455078125 1.0828269720077514648 1.1659870147705078125 1.2593339681625366211 1.4299490451812744141 1.8700200319290161133 2.4519550800323486328 2.6185600757598876953 2.46395111083984375 2.3934900760650634766 2.3049559593200683594 2.2766149044036865234 2.206935882568359375 2.1284399032592773438 2.2153630256652832031 2.1807889938354492188 2.1127750873565673828 2.0621509552001953125 1.7487419843673706055 1.7089190483093261719 1.9661580324172973633 2.5054559707641601562 3.1314930915832519531 3.5680449008941650391 3.8852999210357666016
-9999 -9999 -9999 -9999 -9999 -9999 -9999 -9999 -9999 1.6613620519638061523 1.1123369932174682617 0.4335174858570098877 0.64629727602005004883 1.1908730268478393555 1.5006040334701538086 1.5135289430618286133 1.4863280057907104492 1.5693659782409667969 1.5693689584732055664 1.6395009756088256836 1.9103389978408813477 2.2477478981018066406 2.5240190029144287109 2.592411041259765625 2.3432729244232177734 2.0466969013214111328 1.9965430498123168945 2.1506350040435791016 1.8649749755859375 1.6761020421981811523 2.0240681171417236328 2.0606629848480224609 1.9832630157470703125 2.2085111141204833984 2.1128809452056884766 2.2031319141387939453 2.8075900077819824219 3.3435831069946289062 3.6022040843963623047 3.9760749340057373047 4.2093992233276367188
-9999 -9999 -9999 -9999 -9999 -9999 -9999 -9999 -9999 -9999 1.2892529964447021484 1.0797870159149169922 1.17910003662109375 1.3677959442138671875 1.4519929885864257812 1.3691550493240356445 1.4413640499114990234 1.4689760208129882812 1.4161189794540405273 1.5524270534515380859 1.9503519535064697266 2.3366310596466064453 2.5527200698852539062 2.6006779670715332031 2.245098114013671875 1.8547209501266479492 1.8842070102691650391 1.9726029634475708008 1.4470460414886474609 1.2583509683609008789 1.8031979799270629883 2.0390760898590087891 2.0273940563201904297 2.3433670997619628906 2.5791110992431640625 2.8880090713500976562 3.5358779430389404297 4.0253429412841796875 4.2293310165405273438 4.5181550979614257812 4.3901729583740234375
-9999 -9999 -9999 -9999 -9999 -9999 -9999 -9999 -9999 2.1779010295867919922 2.0475990772247314453 1.9304929971694946289 1.7515380382537841797 1.3586310148239135742 1.2059270143508911133 1.349696040153503418 1.6202609539031982422 1.6907069683074951172 1.7941999435424804688 2.0693850517272949219 2.3190319538116455078 2.3797740936279296875 2.4146049022674560547 2.2488369941711425781 1.9343169927597045898 1.8316119909286499023 1.8444319963455200195 1.6650539636611938477 1.2978179454803466797 1.3276489973068237305 1.7659929990768432617 2.0071909427642822266 2.2327671051025390625 2.7700328826904296875 3.2953469753265380859 3.7998480796813964844 4.3162360191345214844 4.7309818267822265625 4.6623950004577636719 4.3961000442504882812 3.8164529800415039062
-9999 -9999 -9999 -9999 -9999 -9999 -9999 -9999 -9999 2.7944409847259521484 2.2910430431365966797 1.8614499568939208984 1.3466639518737792969 0.98753452301025390625 1.0879280567169189453 1.3465139865875244141 1.4982780218124389648 1.5620399713516235352 1.7835459709167480469 1.9419319629669189453 1.9164530038833618164 1.903903961181640625 1.9477180242538452148 1.8078420162200927734 1.8136210441589355469 1.8963600397109985352 1.8467669486999511719 1.8226410150527954102 1.9263730049133300781 2.1338078975677490234 2.2684230804443359375 2.4616260528564453125 2.8585441112518310547 3.3715031147003173828 3.8425450325012207031 4.2439508438110351562 4.5177941322326660156 4.6987171173095703125 4.255062103271484375 3.4824130535125732422 2.7292668819427490234
-9999 -9999 -9999 -9999 -9999 -9999 -9999 -9999 -9999 2.1870839595794677734 1.630350947380065918 1.0984309911727905273 0.75056248903274536133 0.84249860048294067383 0.9682381749153137207 1.1573450565338134766 1.3178850412368774414 1.3039690256118774414 1.4806649684906005859 1.5599390268325805664 1.6408809423446655273 1.8229709863662719727 1.9254000186920166016 2.0451040267944335938 2.1890499591827392578 2.1486370563507080078 2.1073489189147949219 2.1523439884185791016 2.2766289710998535156 2.4213850498199462891 2.4909639358520507812 2.8146450519561767578 3.2870309352874755859 3.5563540458679199219 3.8852999210357666016 4.1694269180297851562 4.2204599380493164062 4.2059521675109863281 3.6105821132659912109 2.5622479915618896484 1.8902970552444458008
-9999 -9999 -9999 -9999 -9999 -9999 -9999 -9999 2.0653319358825683594 1.4213279485702514648 1.1658179759979248047 0.89948457479476928711 0.87192332744598388672 1.0361770391464233398 1.159994959831237793 1.4782969951629638672 1.6955419778823852539 1.83685302734375 2.0732409954071044922 2.1008179187774658203 2.2202498912811279297 2.4030480384826660156 2.5027740001678466797 2.6740009784698486328 2.6922860145568847656 2.5433130264282226562 2.5331580638885498047 2.5659070014953613281 2.6257410049438476562 2.7195010185241699219 2.8317210674285888672 3.2317500114440917969 3.6010799407958984375 3.7255709171295166016 3.9814031124114990234 4.0416707992553710938 3.8469541072845458984 3.6135189533233642578 2.936450958251953125 2.0175790786743164062 1.4863359928131103516
-9999 -9999 -9999 -9999 -9999 -9999 -9999 1.640872955322265625 1.5397000312805175781 1.020012974739074707 1.0135530233383178711 1.0135519504547119141 0.97245842218399047852 0.97246611118316650391 1.2583479881286621094 1.5801639556884765625 1.7271569967269897461 1.970829010009765625 2.2202498912811279297 2.3569509983062744141 2.5568039417266845703 2.7629430294036865234 2.8869600296020507812 2.9689960479736328125 2.8978929519653320312 2.8170309066772460938 3.0246639251708984375 3.2885921001434326172 3.4110100269317626953 3.4823889732360839844 3.543476104736328125 3.6225581169128417969 3.6910810470581054688 3.7019360065460205078 3.7238700389862060547 3.5045559406280517578 3.1341130733489990234 2.8239960670471191406 2.2039539813995361328 1.778020024299621582 1.6504700183868408203
-9999 -9999 -9999 -9999 -9999 -9999 -9999 1.3510609865188598633 1.0290210247039794922 0.87193882465362548828 1.1546759605407714844 1.1791080236434936523 1.1658120155334472656 1.3719940185546875 1.7232370376586914062 1.8235330581665039062 1.8885649442672729492 2.0460131168365478516 2.1463561058044433594 2.3208069801330566406 2.5765690803527832031 2.7517290115356445312 2.7686240673065185547 2.8117940425872802734 2.8386549949645996094 2.8619830608367919922 3.1125969886779785156 3.3848199844360351562 3.4797580242156982422 3.5713140964508056641 3.5792610645294189453 3.5136399269104003906 3.4431889057159423828 3.3386890888214111328 3.3004889488220214844 2.9453549385070800781 2.3628480434417724609 2.0654289722442626953 1.5843169689178466797 1.3240859508514404297 1.430086970329284668
-9999 -9999 -9999 -9999 -9999 -9999 1.5693759918212890625 1.3070960044860839844 1.1349760293960571289 1.4200299978256225586 1.6554310321807861328 1.5829030275344848633 1.6857290267944335938 1.9701019525527954102 2.2835381031036376953 2.4221439361572265625 2.569026947021484375 2.7400441169738769531 2.8937420845031738281 2.9850699901580810547 2.9022030830383300781 2.8317289352416992188 2.7795329093933105469 2.7654459476470947266 2.8424019813537597656 2.9850680828094482422 3.2543060779571533203 3.4857940673828125 3.5790729522705078125 3.6568729877471923828 3.6530659198760986328 3.5578999519348144531 3.3715031147003173828 3.2157130241394042969 3.1585319042205810547 2.634368896484375 1.9087250232696533203 1.3616440296173095703 1.0113420486450195312 0.93262350559234619141 0.99311757087707519531
-9999 -9999 -9999 -9999 -9999 -9999 1.4763640165328979492 1.3834520578384399414 1.4617099761962890625 1.7213339805603027344 1.7289279699325561523 1.7534099817276000977 2.0529880523681640625 2.3475461006164550781 2.5729229450225830078 2.7709250450134277344 3.0188438892364501953 3.2001719474792480469 3.2354710102081298828 3.2097949981689453125 3.0301289558410644531 2.8527491092681884766 2.7719569206237792969 2.6995050907135009766 2.8276860713958740234 3.0891110897064208984 3.3454830646514892578 3.6135220527648925781 3.6387360095977783203 3.4547350406646728516 3.3133349418640136719 3.2078220844268798828 3.0357201099395751953 2.8187830448150634766 2.4297349452972412109 1.6881569623947143555 0.92556202411651611328 0.55621838569641113281 1.0694860219955444336 1.5323729515075683594 1.7582110166549682617
-9999 -9999 -9999 -9999 -9999 1.424347996711730957 1.5728880167007446289 1.8914840221405029297 2.1092920303344726562 2.2852320671081542969 2.4309101104736328125 2.7591619491577148438 3.1242499351501464844 3.2731499671936035156 3.4232161045074462891 3.6042449474334716797 3.7240331172943115234 3.7868299484252929688 3.655735015869140625 3.4433619976043701172 3.2640810012817382812 3.1341090202331542969 3.0016629695892333984 2.9460508823394775391 3.1281020641326904297 3.3121619224548339844 3.3690960407257080078 3.3246068954467773438 3.0035600662231445312 2.6668601036071777344 2.4234960079193115234 2.1557750701904296875 1.8683840036392211914 1.4796960353851318359 1.0145629644393920898 0.80642217397689819336 1.1532549858093261719 1.6079399585723876953 2.0249640941619873047 2.4065411090850830078 2.7097899913787841797
