data/germany/Hermes-dem-wr_5_25832_etrs89-utm32n.asc
ncols        77
nrows        63
xllcorner    851662.500000000000
yllcorner    5836247.500000000000
cellsize     5.000000000000
NODATA_value  -9999
[rows 19 to 37 of 63, columns 0 to 41 of 77]
-9999 -9999 -9999 -9999 -9999 -9999 -9999 -9999 -9999 -9999 -9999 -9999 44.409999847412109375 44.29000091552734375 44.20999908447265625 44.1399993896484375 44.04000091552734375 44.029998779296875 44.060001373291015625 44.04000091552734375 43.990001678466796875 43.909999847412109375 43.840000152587890625 43.799999237060546875 43.799999237060546875 43.81999969482421875 43.909999847412109375 43.990001678466796875 44 43.9199981689453125 43.869998931884765625 43.869998931884765625 43.810001373291015625 43.779998779296875 43.70999908447265625 43.68000030517578125 43.6399993896484375 43.56999969482421875 43.59999847412109375 43.6100006103515625 43.689998626708984375 43.75
-9999 -9999 -9999 -9999 -9999 -9999 -9999 -9999 -9999 -9999 -9999 44.340000152587890625 44.189998626708984375 44.189998626708984375 44.200000762939453125 44.159999847412109375 44.119998931884765625 44.1100006103515625 44.119998931884765625 44.1100006103515625 44.090000152587890625 44.020000457763671875 43.939998626708984375 43.90000152587890625 43.93000030517578125 43.93000030517578125 44.020000457763671875 44.090000152587890625 44.06999969482421875 44.04000091552734375 43.979999542236328125 43.93000030517578125 43.8899993896484375 43.8300018310546875 43.779998779296875 43.779998779296875 43.759998321533203125 43.759998321533203125 43.770000457763671875 43.770000457763671875 43.70999908447265625 43.75
-9999 -9999 -9999 -9999 -9999 -9999 -9999 -9999 -9999 -9999 -9999 43.95999908447265625 43.95999908447265625 44 44.04000091552734375 44.0800018310546875 44.15000152587890625 44.18000030517578125 44.189998626708984375 44.20999908447265625 44.15000152587890625 44.09999847412109375 44.049999237060546875 44.020000457763671875 44.049999237060546875 44.04000091552734375 44.090000152587890625 44.090000152587890625 44.06999969482421875 44.049999237060546875 44.020000457763671875 43.990001678466796875 43.95999908447265625 43.93000030517578125 43.8899993896484375 43.8899993896484375 43.93000030517578125 43.9199981689453125 44.009998321533203125 44.029998779296875 44.060001373291015625 44.049999237060546875
-9999 -9999 -9999 -9999 -9999 -9999 -9999 -9999 -9999 -9999 -9999 43.70999908447265625 43.720001220703125 43.779998779296875 43.950000762939453125 44.060001373291015625 44.15000152587890625 44.279998779296875 44.340000152587890625 44.310001373291015625 44.270000457763671875 44.20999908447265625 44.159999847412109375 44.1399993896484375 44.119998931884765625 44.1100006103515625 44.159999847412109375 44.1699981689453125 44.1699981689453125 44.130001068115234375 44.060001373291015625 44.060001373291015625 44.04000091552734375 44.029998779296875 44.029998779296875 44.0800018310546875 44.119998931884765625 44.15000152587890625 44.25 44.310001373291015625 44.3300018310546875 44.310001373291015625
-9999 -9999 -9999 -9999 -9999 -9999 -9999 -9999 -9999 -9999 43.4199981689453125 43.470001220703125 43.520000457763671875 43.619998931884765625 43.81999969482421875 44.029998779296875 44.270000457763671875 44.40000152587890625 44.43000030517578125 44.369998931884765625 44.3300018310546875 44.279998779296875 44.229999542236328125 44.189998626708984375 44.18000030517578125 44.240001678466796875 44.240001678466796875 44.29000091552734375 44.279998779296875 44.259998321533203125 44.220001220703125 44.200000762939453125 44.200000762939453125 44.159999847412109375 44.189998626708984375 44.25 44.31999969482421875 44.40000152587890625 44.470001220703125 44.590000152587890625 44.59999847412109375 44.590000152587890625
-9999 -9999 -9999 -9999 -9999 -9999 -9999 -9999 -9999 -9999 43.189998626708984375 43.220001220703125 43.279998779296875 43.479999542236328125 43.720001220703125 43.950000762939453125 44.18000030517578125 44.299999237060546875 44.299999237060546875 44.3300018310546875 44.3300018310546875 44.340000152587890625 44.340000152587890625 44.299999237060546875 44.29000091552734375 44.299999237060546875 44.270000457763671875 44.31999969482421875 44.31999969482421875 44.369998931884765625 44.299999237060546875 44.29000091552734375 44.3300018310546875 44.34999847412109375 44.369998931884765625 44.439998626708984375 44.509998321533203125 44.630001068115234375 44.720001220703125 44.79000091552734375 44.79000091552734375 44.799999237060546875
-9999 -9999 -9999 -9999 -9999 -9999 -9999 -9999 -9999 -9999 43.029998779296875 43.049999237060546875 43.1399993896484375 43.259998321533203125 43.490001678466796875 43.75 43.909999847412109375 44.119998931884765625 44.240001678466796875 44.3300018310546875 44.40000152587890625 44.43000030517578125 44.450000762939453125 44.409999847412109375 44.3600006103515625 44.369998931884765625 44.369998931884765625 44.439998626708984375 44.450000762939453125 44.470001220703125 44.45999908447265625 44.45999908447265625 44.490001678466796875 44.549999237060546875 44.59999847412109375 44.68000030517578125 44.75 44.8300018310546875 44.950000762939453125 45.04000091552734375 45.06999969482421875 45.09999847412109375
-9999 -9999 -9999 -9999 -9999 -9999 -9999 -9999 -9999 -9999 42.8899993896484375 42.939998626708984375 43.04000091552734375 43.159999847412109375 43.3600006103515625 43.520000457763671875 43.720001220703125 43.939998626708984375 44.130001068115234375 44.270000457763671875 44.40000152587890625 44.45999908447265625 44.490001678466796875 44.45999908447265625 44.4199981689453125 44.3899993896484375 44.380001068115234375 44.40000152587890625 44.439998626708984375 44.479999542236328125 44.5 44.549999237060546875 44.5800018310546875 44.659999847412109375 44.759998321533203125 44.84999847412109375 44.8899993896484375 44.970001220703125 45.049999237060546875 45.15000152587890625 45.200000762939453125 45.270000457763671875
-9999 -9999 -9999 -9999 -9999 -9999 -9999 -9999 -9999 -9999 42.810001373291015625 42.880001068115234375 42.950000762939453125 43.060001373291015625 43.229999542236328125 43.369998931884765625 43.520000457763671875 43.70999908447265625 43.939998626708984375 44.130001068115234375 44.29000091552734375 44.34999847412109375 44.4199981689453125 44.43000030517578125 44.3899993896484375 44.369998931884765625 44.3600006103515625 44.369998931884765625 44.40000152587890625 44.4199981689453125 44.490001678466796875 44.56999969482421875 44.6699981689453125 44.770000457763671875 44.869998931884765625 44.939998626708984375 45.04000091552734375 45.09999847412109375 45.20999908447265625 45.31999969482421875 45.3899993896484375 45.490001678466796875
-9999 -9999 -9999 -9999 -9999 -9999 -9999 -9999 -9999 -9999 42.810001373291015625 42.84999847412109375 42.9199981689453125 43.020000457763671875 43.15000152587890625 43.279998779296875 43.4199981689453125 43.56999969482421875 43.779998779296875 43.970001220703125 44.09999847412109375 44.189998626708984375 44.270000457763671875 44.29000091552734375 44.3300018310546875 44.3300018310546875 44.340000152587890625 44.3600006103515625 44.380001068115234375 44.4199981689453125 44.479999542236328125 44.590000152587890625 44.70999908447265625 44.8300018310546875 44.950000762939453125 45.060001373291015625 45.15000152587890625 45.25 45.380001068115234375 45.5 45.590000152587890625 45.68000030517578125
-9999 -9999 -9999 -9999 -9999 -9999 -9999 -9999 -9999 -9999 42.779998779296875 42.810001373291015625 42.8600006103515625 42.95999908447265625 43.0800018310546875 43.220001220703125 43.3300018310546875 43.45999908447265625 43.6399993896484375 43.799999237060546875 43.939998626708984375 44.049999237060546875 44.130001068115234375 44.1699981689453125 44.200000762939453125 44.18000030517578125 44.200000762939453125 44.220001220703125 44.259998321533203125 44.34999847412109375 44.450000762939453125 44.590000152587890625 44.729999542236328125 44.8600006103515625 45.009998321533203125 45.130001068115234375 45.259998321533203125 45.380001068115234375 45.5 45.6100006103515625 45.700000762939453125 45.810001373291015625
-9999 -9999 -9999 -9999 -9999 -9999 -9999 -9999 42.619998931884765625 42.659999847412109375 42.65000152587890625 42.720001220703125 42.799999237060546875 42.909999847412109375 43.04000091552734375 43.20999908447265625 43.380001068115234375 43.54000091552734375 43.619998931884765625 43.70999908447265625 43.81999969482421875 43.93000030517578125 44.009998321533203125 44.04000091552734375 44.0800018310546875 44.1100006103515625 44.1699981689453125 44.25 44.3300018310546875 44.40000152587890625 44.45999908447265625 44.590000152587890625 44.729999542236328125 44.8899993896484375 45.060001373291015625 45.220001220703125 45.3899993896484375 45.520000457763671875 45.6399993896484375 45.799999237060546875 45.9199981689453125 46.020000457763671875
-9999 -9999 -9999 -9999 -9999 -9999 42.470001220703125 42.560001373291015625 42.619998931884765625 42.59999847412109375 42.560001373291015625 42.59999847412109375 42.68000030517578125 42.810001373291015625 42.950000762939453125 43.09999847412109375 43.220001220703125 43.3300018310546875 43.439998626708984375 43.549999237060546875 43.6399993896484375 43.75 43.779998779296875 43.84999847412109375 43.93000030517578125 43.979999542236328125 44.029998779296875 44.1100006103515625 44.18000030517578125 44.270000457763671875 44.369998931884765625 44.5 44.689998626708984375 44.8600006103515625 45.06999969482421875 45.259998321533203125 45.479999542236328125 45.6399993896484375 45.799999237060546875 45.970001220703125 46.090000152587890625 46.15000152587890625
-9999 -9999 -9999 -9999 -9999 42.470001220703125 42.529998779296875 42.590000152587890625 42.590000152587890625 42.520000457763671875 42.509998321533203125 42.490001678466796875 42.560001373291015625 42.68000030517578125 42.810001373291015625 42.979999542236328125 43.1100006103515625 43.20999908447265625 43.270000457763671875 43.340000152587890625 43.4199981689453125 43.529998779296875 43.56999969482421875 43.659999847412109375 43.75 43.810001373291015625 43.9199981689453125 43.979999542236328125 44.06999969482421875 44.18000030517578125 44.310001373291015625 44.450000762939453125 44.619998931884765625 44.8300018310546875 45.060001373291015625 45.3300018310546875 45.56999969482421875 45.810001373291015625 45.950000762939453125 46.090000152587890625 46.1399993896484375 46.18000030517578125
-9999 -9999 -9999 -9999 42.59999847412109375 42.520000457763671875 42.520000457763671875 42.54000091552734375 42.490001678466796875 42.45999908447265625 42.479999542236328125 42.490001678466796875 42.529998779296875 42.590000152587890625 42.720001220703125 42.8600006103515625 42.939998626708984375 43.060001373291015625 43.159999847412109375 43.20999908447265625 43.279998779296875 43.40000152587890625 43.439998626708984375 43.509998321533203125 43.560001373291015625 43.6699981689453125 43.8300018310546875 43.90000152587890625 44.020000457763671875 44.15000152587890625 44.31999969482421875 44.509998321533203125 44.700000762939453125 44.90000152587890625 45.15000152587890625 45.43000030517578125 45.6699981689453125 45.880001068115234375 46.009998321533203125 46.0800018310546875 46.1399993896484375 46.1699981689453125
-9999 -9999 -9999 -9999 42.6399993896484375 42.56999969482421875 42.509998321533203125 42.5 42.43000030517578125 42.439998626708984375 42.45999908447265625 42.5 42.549999237060546875 42.6100006103515625 42.720001220703125 42.8300018310546875 42.90000152587890625 43.020000457763671875 43.06999969482421875 43.130001068115234375 43.189998626708984375 43.25 43.31999969482421875 43.409999847412109375 43.470001220703125 43.560001373291015625 43.689998626708984375 43.869998931884765625 44.049999237060546875 44.189998626708984375 44.369998931884765625 44.59999847412109375 44.840000152587890625 45.060001373291015625 45.3300018310546875 45.590000152587890625 45.810001373291015625 45.93000030517578125 46.0800018310546875 46.1399993896484375 46.18000030517578125 46.229999542236328125
-9999 -9999 -9999 42.720001220703125 42.689998626708984375 42.630001068115234375 42.560001373291015625 42.479999542236328125 42.439998626708984375 42.439998626708984375 42.45999908447265625 42.479999542236328125 42.529998779296875 42.619998931884765625 42.729999542236328125 42.81999969482421875 42.880001068115234375 42.9199981689453125 42.979999542236328125 43.0800018310546875 43.09999847412109375 43.15000152587890625 43.229999542236328125 43.31999969482421875 43.450000762939453125 43.56999969482421875 43.68000030517578125 43.90000152587890625 44.130001068115234375 44.369998931884765625 44.56999969482421875 44.779998779296875 45.009998321533203125 45.25 45.479999542236328125 45.729999542236328125 45.909999847412109375 46.020000457763671875 46.09999847412109375 46.20999908447265625 46.279998779296875 46.3899993896484375
-9999 -9999 42.8600006103515625 42.8600006103515625 42.8300018310546875 42.799999237060546875 42.65000152587890625 42.54000091552734375 42.470001220703125 42.470001220703125 42.490001678466796875 42.529998779296875 42.619998931884765625 42.689998626708984375 42.75 42.8899993896484375 42.93000030517578125 42.970001220703125 42.990001678466796875 42.970001220703125 43.04000091552734375 43.06999969482421875 43.1699981689453125 43.279998779296875 43.409999847412109375 43.54000091552734375 43.770000457763671875 43.990001678466796875 44.189998626708984375 44.549999237060546875 44.700000762939453125 44.909999847412109375 45.119998931884765625 45.3600006103515625 45.56999969482421875 45.759998321533203125 45.90000152587890625 45.990001678466796875 46 46.0800018310546875 46.229999542236328125 46.3899993896484375
-9999 -9999 42.759998321533203125 42.810001373291015625 42.84999847412109375 42.81999969482421875 42.68000030517578125 42.59999847412109375 42.549999237060546875 42.549999237060546875 42.56999969482421875 42.5800018310546875 42.619998931884765625 42.619998931884765625 42.68000030517578125 42.729999542236328125 42.779998779296875 42.880001068115234375 42.9199981689453125 42.939998626708984375 43.009998321533203125 43.060001373291015625 43.159999847412109375 43.259998321533203125 43.470001220703125 43.6699981689453125 43.840000152587890625 44.06999969482421875 44.3300018310546875 44.560001373291015625 44.840000152587890625 45.060001373291015625 45.270000457763671875 45.45999908447265625 45.630001068115234375 45.770000457763671875 45.8600006103515625 45.93000030517578125 46.009998321533203125 46.130001068115234375 46.279998779296875 46.45999908447265625
