data/germany/Hermes-slope-wr_5_25832_etrs89-utm32n.asc
ncols        77
nrows        63
xllcorner    851662.500000000000
yllcorner    5836247.500000000000
cellsize     5.000000000000
NODATA_value  -9999
[rows 18 to 35 of 63, columns 0 to 40 of 77]
-9999 -9999 -9999 -9999 -9999 -9999 -9999 -9999 -9999 -9999 -9999 -9999 -9999 3.5808980464935302734 2.1879329681396484375 1.6646889448165893555 1.4247709512710571289 0.85674738883972167969 0.58005881309509277344 0.97751092910766601562 1.3583339452743530273 1.3825680017471313477 1.3666039705276489258 1.2952820062637329102 1.3490929603576660156 1.4706590175628662109 1.6125349998474121094 1.7867690324783325195 1.7838979959487915039 1.6665279865264892578 1.5403690338134765625 1.6121499538421630859 1.7765259742736816406 1.9292299747467041016 2.1189711093902587891 2.2831799983978271484 2.2654449939727783203 2.142230987548828125 2.2195100784301757812 2.3521668910980224609 2.6116690635681152344
-9999 -9999 -9999 -9999 -9999 -9999 -9999 -9999 -9999 -9999 -9999 -9999 3.9006500244140625 2.6808750629425048828 1.5114920139312744141 1.3551590442657470703 1.0725480318069458008 0.59576332569122314453 0.29003518819808959961 0.56172811985015869141 1.0426880121231079102 1.255908966064453125 1.2088160514831542969 1.1403839588165283203 1.1749290227890014648 1.2554229497909545898 1.4895009994506835938 1.4320939779281616211 1.3654099702835083008 1.4538329839706420898 1.3767720460891723633 1.376768946647644043 1.4254920482635498047 1.4293780326843261719 1.4498809576034545898 1.6428760290145874023 1.9942899942398071289 2.1983790397644042969 2.3493800163269042969 2.3521668910980224609 2.2461979389190673828
-9999 -9999 -9999 -9999 -9999 -9999 -9999 -9999 -9999 -9999 -9999 3.8613460063934326172 3.1068680286407470703 1.7243109941482543945 1.0056300163269042969 0.4071508944034576416 0.47116521000862121582 0.77820611000061035156 0.83269542455673217773 0.93459141254425048828 1.1446859836578369141 1.3319649696350097656 1.3387149572372436523 1.2918000221252441406 1.3538000583648681641 1.3325840234756469727 1.2435990571975708008 0.68900161981582641602 0.60937702655792236328 0.85937660932540893555 0.91867280006408691406 0.88477927446365356445 0.95800870656967163086 1.0612080097198486328 1.0869849920272827148 1.2785550355911254883 1.6415020227432250977 2.0063691139221191406 2.2892649173736572266 2.3193869590759277344 2.0974140167236328125
-9999 -9999 -9999 -9999 -9999 -9999 -9999 -9999 -9999 -9999 -9999 3.5702788829803466797 2.8338220119476318359 2.2778799533843994141 1.5609910488128662109 0.77397012710571289062 0.56172478199005126953 0.92931658029556274414 1.167219996452331543 1.1744010448455810547 1.2241569757461547852 1.2968699932098388672 1.3429969549179077148 1.2766239643096923828 1.1471869945526123047 1.0329999923706054688 0.89902532100677490234 0.57364541292190551758 0.58322262763977050781 0.67120730876922607422 0.69345957040786743164 0.77530938386917114258 0.97077387571334838867 1.2047330141067504883 1.4366699457168579102 1.7459340095520019531 2.0249800682067871094 2.3586080074310302734 2.7621250152587890625 3.1242539882659912109 3.3481199741363525391
-9999 -9999 -9999 -9999 -9999 -9999 -9999 -9999 -9999 -9999 -9999 2.9932711124420166016 2.5491800308227539062 2.3618979454040527344 1.9524680376052856445 1.4043480157852172852 1.429365992546081543 1.4151020050048828125 1.2346689701080322266 1.1331650018692016602 1.1546820402145385742 1.1938010454177856445 1.1095720529556274414 0.94940507411956787109 0.9024493098258972168 1.0074789524078369141 1.0509159564971923828 1.0899980068206787109 1.2079639434814453125 1.279188990592956543 1.2319999933242797852 1.243600010871887207 1.3373450040817260742 1.4392369985580444336 1.7175220251083374023 2.0800549983978271484 2.3639779090881347656 2.6840069293975830078 2.9420330524444580078 3.0725369453430175781 3.1196599006652832031
-9999 -9999 -9999 -9999 -9999 -9999 -9999 -9999 -9999 -9999 2.8351209163665771484 2.6842989921569824219 2.5549581050872802734 2.5709280967712402344 2.5693380832672119141 2.3128499984741210938 1.8762600421905517578 0.90335220098495483398 0.057297069579362869263 0.35434249043464660645 0.54693418741226196289 0.83517301082611083984 1.0194139480590820312 0.99744868278503417969 0.99333018064498901367 0.96632432937622070312 0.84249931573867797852 0.82677489519119262695 0.99084872007369995117 1.2963830232620239258 1.4143669605255126953 1.4184290170669555664 1.6197600364685058594 1.8185869455337524414 2.0004389286041259766 2.1912820339202880859 2.4537041187286376953 2.7613079547882080078 2.8979051113128662109 2.768035888671875 2.7052450180053710938
-9999 -9999 -9999 -9999 -9999 -9999 -9999 -9999 -9999 -9999 2.3770999908447265625 2.3715031147003173828 2.538970947265625 2.9970340728759765625 3.2236499786376953125 3.1241750717163085938 2.7576000690460205078 1.9022890329360961914 1.0598490238189697266 0.33408159017562866211 0.36066749691963195801 0.84614908695220947266 1.1915680170059204102 1.2511639595031738281 1.0169930458068847656 0.81752800941467285156 0.80666399002075195312 0.915302276611328125 1.0127569437026977539 1.1956909894943237305 1.3998039960861206055 1.5069990158081054688 1.7780209779739379883 2.1345739364624023438 2.4165558815002441406 2.5620789527893066406 2.6473920345306396484 2.7627170085906982422 2.8279030323028564453 2.7061610221862792969 2.7219130992889404297
-9999 -9999 -9999 -9999 -9999 -9999 -9999 -9999 -9999 -9999 1.8311660289764404297 1.7073550224304199219 2.0128920078277587891 2.7416849136352539062 3.3361990451812744141 3.3790719509124755859 3.2641389369964599609 2.5760159492492675781 1.5595530271530151367 0.94225639104843139648 0.64054977893829345703 0.71844482421875 0.83859747648239135742 0.9607893824577331543 0.76141107082366943359 0.60430300235748291016 0.60938161611557006836 0.67941671609878540039 0.67334860563278198242 0.77820611000061035156 1.1036449670791625977 1.4103130102157592773 1.6121469736099243164 1.9109849929809570312 2.2823719978332519531 2.4179980754852294922 2.3314568996429443359 2.2749159336090087891 2.2304630279541015625 2.1915690898895263672 2.3890409469604492188
-9999 -9999 -9999 -9999 -9999 -9999 -9999 -9999 -9999 -9999 1.4834129810333251953 1.3319580554962158203 1.6019389629364013672 2.1879200935363769531 2.6855969429016113281 2.8741729259490966797 3.1569719314575195312 3.1171109676361083984 2.5318019390106201172 1.8988430500030517578 1.2319979667663574219 0.67121362686157226562 0.19218440353870391846 0.37680649757385253906 0.36236691474914550781 0.14606849849224090576 0.18231379985809326172 0.44748011231422424316 0.46634250879287719727 0.35895571112632751465 0.43634319305419921875 0.81250882148742675781 1.2288320064544677734 1.5952689647674560547 1.7554030418395996094 1.7554060220718383789 1.7738690376281738281 1.8471939563751220703 1.9044280052185058594 1.8446470499038696289 1.9927480220794677734
-9999 -9999 -9999 -9999 -9999 -9999 -9999 -9999 -9999 -9999 0.98001420497894287109 0.94572591781616210938 1.2676119804382324219 1.8136229515075683594 2.1127750873565673828 2.2382609844207763672 2.6378688812255859375 3.0438599586486816406 2.9819929599761962891 2.5712540149688720703 2.0705790519714355469 1.6907099485397338867 1.3141469955444335938 0.93634778261184692383 0.62531167268753051758 0.3805789947509765625 0.26411929726600646973 0.36462381482124328613 0.46633478999137878418 0.56500720977783203125 0.77821207046508789062 0.99743831157684326172 1.2676060199737548828 1.5074160099029541016 1.5391750335693359375 1.5725189447402954102 1.7045960426330566406 1.9503530263900756836 2.22762298583984375 2.2793190479278564453 2.3874089717864990234
-9999 -9999 -9999 -9999 -9999 -9999 -9999 -9999 -9999 -9999 0.66875612735748291016 0.73201960325241088867 1.0826369524002075195 1.5123109817504882812 1.7482620477676391602 1.7976080179214477539 2.0014619827270507812 2.5132839679718017578 2.7995629310607910156 2.6316568851470947266 2.3070859909057617188 2.0112669467926025391 1.7300020456314086914 1.4503040313720703125 1.1894899606704711914 1.0456240177154541016 0.95607548952102661133 0.89720302820205688477 0.83516168594360351562 0.82627642154693603516 1.0619879961013793945 1.320361018180847168 1.3998169898986816406 1.4785840511322021484 1.5179810523986816406 1.5817350149154663086 1.7256150245666503906 1.974575042724609375 2.1356389522552490234 2.0411939620971679688 2.0479090213775634766
-9999 -9999 -9999 -9999 -9999 -9999 -9999 -9999 -9999 -9999 0.86531770229339599609 0.97980391979217529297 1.168789982795715332 1.4538429975509643555 1.6492279767990112305 1.6428699493408203125 1.5961730480194091797 1.7861750125885009766 1.9915139675140380859 2.1120080947875976562 2.0499980449676513672 1.8510839939117431641 1.6096069812774658203 1.4971840381622314453 1.4015680551528930664 1.2399710416793823242 1.0242359638214111328 0.77926141023635864258 0.74945962429046630859 0.88778162002563476562 1.2061040401458740234 1.5179790258407592773 1.5532250404357910156 1.6572829484939575195 1.6965160369873046875 1.7594829797744750977 1.9254000186920166016 2.0264859199523925781 2.1082160472869873047 2.1275548934936523438 2.1853919029235839844
-9999 -9999 -9999 -9999 -9999 -9999 -9999 -9999 0.7923024296760559082 0.7990176081657409668 1.1743990182876586914 1.3754329681396484375 1.4785790443420410156 1.6408820152282714844 1.8131690025329589844 1.8506439924240112305 1.752490997314453125 1.6607270240783691406 1.7054220438003540039 1.9263650178909301758 2.0820229053497314453 2.0582768917083740234 1.9922380447387695312 1.8763730525970458984 1.5700260400772094727 1.2680900096893310547 1.132266998291015625 1.0145790576934814453 0.9825267791748046875 1.0248199701309204102 1.3058459758758544922 1.6880370378494262695 1.7780220508575439453 1.8902970552444458008 1.9377119541168212891 2.0419859886169433594 2.1244769096374511719 2.1261160373687744141 2.3708879947662353516 2.5165441036224365234 2.42214202880859375
-9999 -9999 -9999 -9999 -9999 -9999 0.94833177328109741211 0.68542087078094482422 0.28431120514869689941 0.68900477886199951172 0.93197321891784667969 1.3580299615859985352 1.7675009965896606445 1.9869819879531860352 2.1422290802001953125 2.1778850555419921875 2.1477859020233154297 2.1919410228729248047 2.2670640945434570312 2.3880090713500976562 2.5288798809051513672 2.5097899436950683594 2.4583740234375 2.3275890350341796875 2.037982940673828125 1.8135050535202026367 1.7360359430313110352 1.7388770580291748047 1.7355730533599853516 1.6232960224151611328 1.6213970184326171875 1.9103389978408813477 2.09272003173828125 2.2150919437408447266 2.3346049785614013672 2.4443430900573730469 2.4583780765533447266 2.3773620128631591797 2.44970703125 2.1875529289245605469 1.5952830314636230469
-9999 -9999 -9999 -9999 -9999 1.5489950180053710938 0.57186079025268554688 0.38434749841690063477 0.65449392795562744141 0.77529948949813842773 0.5888302922248840332 0.75165641307830810547 1.3381060361862182617 1.8078570365905761719 2.1197440624237060547 2.1082160472869873047 1.9927539825439453125 1.9144170284271240234 1.902711033821105957 2.0880119800567626953 2.2999761104583740234 2.1807029247283935547 2.0737400054931640625 2.1849279403686523438 2.1619379520416259766 1.9840890169143676758 1.6554210186004638672 1.4449189901351928711 1.4872879981994628906 1.531293034553527832 1.6458619832992553711 1.8902859687805175781 2.1642169952392578125 2.4599668979644775391 2.8125998973846435547 2.9240961074829101562 2.8003621101379394531 2.3915269374847412109 1.91088104248046875 1.3361120223999023438 0.72384572029113769531
-9999 -9999 -9999 -9999 2.927455902099609375 0.92066687345504760742 0.13589000701904296875 0.52822512388229370117 0.81553530693054199219 0.5393772125244140625 0.27553218603134155273 0.3485158085823059082 0.72526377439498901367 1.1962070465087890625 1.6224139928817749023 1.5728820562362670898 1.6010429859161376953 1.5797820091247558594 1.382266998291015625 1.4195820093154907227 1.6813449859619140625 1.7193100452423095703 1.6458610296249389648 1.6857320070266723633 1.7584359645843505859 1.9658329486846923828 1.7861880064010620117 1.4413709640502929688 1.4744160175323486328 1.6633310317993164062 2.0441870689392089844 2.3558189868927001953 2.599040985107421875 2.9508390426635742188 3.3337368965148925781 3.2571160793304443359 2.7524039745330810547 2.0949709415435791016 1.4155369997024536133 0.87755727767944335938 0.57649940252304077148
-9999 -9999 -9999 -9999 1.2478790283203125 0.83932697772979736328 0.42923378944396972656 0.48149430751800537109 0.42972341179847717285 0.18676289916038513184 0.2900454103946685791 0.43351280689239501953 0.65949332714080810547 1.050336003303527832 1.3033380508422851562 1.0619770288467407227 1.0644799470901489258 1.2033749818801879883 1.1791080236434936523 1.1229759454727172852 1.2790340185165405273 1.4982759952545166016 1.5016829967498779297 1.3583359718322753906 1.2519810199737548828 1.4986770153045654297 1.7841210365295410156 1.9481489658355712891 2.0465970039367675781 2.2836210727691650391 2.6809380054473876953 2.9702379703521728516 3.1043050289154052734 3.3265669345855712891 3.5045409202575683594 3.2050189971923828125 2.4221439361572265625 1.7636740207672119141 1.3270239830017089844 1.0129450559616088867 1.1088290214538574219
-9999 -9999 -9999 1.3014500141143798828 1.1798080205917358398 1.3951170444488525391 1.1977469921112060547 0.80719578266143798828 0.36966040730476379395 0.22649060189723968506 0.33409088850021362305 0.56427538394927978516 0.86531537771224975586 1.0694860219955444336 1.2088179588317871094 0.97981542348861694336 0.68061470985412597656 0.65229547023773193359 0.81251001358032226562 0.98252177238464355469 1.0516849756240844727 1.2033760547637939453 1.3405549526214599609 1.3660190105438232422 1.3593950271606445312 1.4896260499954223633 2.0669209957122802734 2.4934270381927490234 2.8228280544281005859 2.9814360141754150391 2.9665920734405517578 3.0844159126281738281 3.1322879791259765625 3.1314370632171630859 3.0271499156951904297 2.5756978988647460938 1.7482769489288330078 1.0901780128479003906 1.0005209445953369141 1.0113290548324584961 1.1255370378494262695
